153 13 2 0.0251267
1 0.807063 0.708333 1 1 -0.320755 -0.105023 -1 1 -0.419847 -1 -0.225806 0 1 -1 
-1 1.00002 0.583333 -1 0.333333 -0.603774 1 -1 1 0.358779 -1 -0.483871 0 -1 1 
1 1 0.166667 1 -0.333333 -0.433962 -0.383562 -1 -1 0.0687023 -1 -0.903226 -1 -1 1 
-1 1 0.458333 1 1 -0.358491 -0.374429 -1 -1 -0.480916 1 -0.935484 0 -0.333333 1 
-1 0.719528 0.875 -1 -0.333333 -0.509434 -0.347032 -1 1 -0.236641 1 -0.935484 -1 -0.333333 -1 
-1 1 0.5 1 1 -0.509434 -0.767123 -1 -1 0.0534351 -1 -0.870968 -1 -1 1 
1 0.227697 0.125 1 0.333333 -0.320755 -0.406393 1 1 0.0839695 1 -0.806452 0 -0.333333 0.5 
1 0.562726 0.416667 -1 1 0.0566038 0.283105 -1 1 0.267176 -1 0.290323 0 1 1 
-1 1 0.25 1 1 -0.226415 -0.506849 -1 -1 0.374046 -1 -0.83871 0 -1 1 
-1 1 0 1 1 -0.0943396 -0.543379 -1 1 -0.389313 1 -1 -1 -1 1 
1 1 0.333333 1 -1 -0.245283 -0.506849 -1 -1 0.129771 -1 -0.16129 0 0.333333 -1 
-1 0.901054 0.166667 -1 1 -0.358491 -0.191781 -1 1 0.343511 -1 -1 -1 -0.333333 -1 
-1 0.493637 0.75 -1 1 -0.660377 -0.894977 -1 -1 -0.175573 -1 -0.483871 0 -1 -1 
1 0.500899 0 1 1 -0.132075 -0.648402 1 1 0.282443 1 0 1 -1 1 
-1 0.629408 0.458333 1 -1 -0.698113 -0.611872 -1 1 0.114504 1 -0.419355 0 -1 -1 
-1 1 -0.541667 1 -1 -0.132075 -0.666667 -1 -1 0.633588 1 -0.548387 -1 -1 1 
1 0.037434 0.583333 1 1 -0.509434 -0.52968 -1 1 -0.114504 1 -0.16129 0 0.333333 1 
-1 0.918501 -0.416667 1 1 -0.603774 -0.191781 -1 -1 0.679389 -1 -0.612903 0 -1 -1 
-1 1.01001 -0.25 1 1 -0.660377 -0.643836 -1 -1 0.0992366 -1 -0.967742 -1 -1 -1 
-1 0.869422 0.0416667 -1 -0.333333 -0.283019 -0.260274 1 1 0.343511 1 -1 -1 -0.333333 -1 
-1 0.440191 -0.291667 -1 1 -0.169811 -0.465753 -1 1 0.236641 1 -1 0 -1 -1 
1 0.264547 0.208333 1 0.333333 -0.660377 -0.525114 -1 1 0.435115 -1 -0.193548 0 -0.333333 1 
-1 0.615131 0.75 -1 0.333333 -0.698113 -0.365297 1 1 -0.0992366 -1 -1 -1 -0.333333 -1 
-1 1 0.541667 1 1 0.245283 -0.534247 -1 1 0.0229008 -1 -0.258065 -1 -1 0.5 
1 0.581832 0.25 1 1 0.433962 -0.086758 -1 1 0.0534351 1 0.0967742 1 -1 1 
1 0.639893 -0.208333 1 1 -0.320755 -0.406393 1 1 0.206107 1 -1 -1 0.333333 1 
1 0.13471 0.333333 1 1 -0.132075 -0.630137 -1 1 0.0229008 1 -0.387097 -1 -0.333333 1 
1 1.10045 0.25 1 -1 0.245283 -0.328767 -1 1 -0.175573 -1 -1 -1 -1 -1 
-1 1.01835 -0.208333 1 1 -0.471698 -0.561644 -1 1 0.755725 -1 -1 -1 -1 -1 
1 1 -0.541667 1 1 0.0943396 -0.557078 -1 -1 0.679389 -1 -1 -1 -1 1 
-1 0.0945035 -0.375 1 0.333333 -0.320755 -0.511416 -1 -1 0.648855 1 -0.870968 -1 -1 -1 
-1 0.654111 -0.291667 1 -0.333333 -0.867925 -0.675799 1 -1 0.29771 -1 -1 -1 -1 1 
1 1 0.25 1 0.333333 -0.396226 -0.579909 1 -1 -0.0381679 -1 -0.290323 0 -0.333333 0.5 
-1 0.206525 0.208333 1 0.333333 -0.132075 -0.611872 1 1 0.435115 -1 -1 -1 -1 -1 
1 0.980138 -0.166667 1 0.333333 -0.54717 -0.894977 -1 1 -0.160305 -1 -0.741935 -1 1 -1 
1 1 -0.375 1 1 -0.698113 -0.675799 -1 1 0.618321 -1 -1 -1 -0.333333 -1 
1 0.788369 0.541667 1 -0.333333 0.245283 -0.452055 -1 -1 -0.251908 1 -1 0 1 0.5 
1 0.531402 0.5 -1 1 0.0566038 -0.547945 -1 1 -0.343511 -1 -0.677419 0 1 1 
1 0.843577 -0.458333 1 1 -0.207547 -0.136986 -1 -1 -0.175573 1 -0.419355 0 -1 0.5 
-1 0.438586 -0.0416667 1 -0.333333 -0.358491 -0.639269 1 -1 0.725191 -1 -1 -1 -1 -1 
-1 0.856422 0.5 -1 0.333333 -0.132075 0.328767 1 1 0.312977 -1 -0.741935 -1 -0.333333 -1 
-1 0.0591686 0.416667 -1 -0.333333 -0.132075 -0.684932 -1 -1 0.648855 -1 -1 -1 0.333333 -1 
-1 0.233394 -0.333333 -1 -0.333333 -0.320755 -0.506849 -1 1 0.587786 -1 -0.806452 0 -1 -1 
1 0.662416 0.333333 1 1 -0.169811 -0.817352 -1 1 -0.175573 1 0.16129 0 -0.333333 -1 
-1 0.631608 0.291667 -1 0.333333 -0.509434 -0.762557 1 -1 -0.618321 -1 -1 -1 -1 -1 
1 1 0.25 -1 1 0.509434 -0.438356 -1 -1 0.0992366 1 -1 0 -1 -1 
1 1 0.375 1 -0.333333 -0.509434 -0.292237 -1 1 -0.51145 -1 -0.548387 0 -0.333333 1 
-1 1 0.166667 1 0.333333 0.0566038 -1 1 -1 0.557252 -1 -0.935484 -1 -0.333333 1 
1 0.841104 -0.0833333 -1 1 -0.320755 -0.182648 -1 -1 0.0839695 1 -0.612903 0 -1 1 
-1 0.232374 0.291667 -1 -1 0.0566038 -0.479452 -1 -1 0.526718 -1 -0.709677 -1 -1 -1 
-1 0.830147 0.416667 1 -1 -0.0377358 -0.511416 1 1 0.206107 -1 -0.258065 1 -1 0.5 
-1 1.13776 -0.0833333 1 1 -0.132075 -0.383562 -1 1 0.755725 1 -1 -1 -1 -1 
1 1 0.208333 -1 -0.333333 -0.207547 -0.118721 1 1 0.236641 -1 -1 -1 0.333333 -1 
1 1 -0.25 1 0.333333 -0.735849 -0.465753 -1 -1 0.236641 -1 -1 -1 -1 -1 
1 0.00359556 0.333333 1 1 -0.509434 -0.388128 -1 -1 0.0534351 1 0.16129 0 -0.333333 1 
-1 1 0.166667 -1 1 -0.509434 0.0410959 -1 -1 0.40458 1 -0.806452 -1 -1 -1 
-1 1 0.708333 1 -0.333333 0.169811 -0.456621 -1 1 0.0992366 -1 -1 -1 -1 -1 
-1 0.106134 0.958333 -1 0.333333 -0.132075 -0.675799 -1 0 -0.312977 -1 -0.645161 0 -1 -1 
-1 0.390678 0.583333 -1 1 -0.773585 -0.557078 -1 -1 0.0839695 -1 -0.903226 -1 0.333333 -1 
1 0.545095 -0.333333 1 1 -0.0943396 -0.164384 -1 1 0.160305 1 -1 0 1 1 
-1 1 -0.333333 1 1 -0.811321 -0.625571 -1 1 0.175573 1 -0.0322581 0 -1 -1 
-1 0.102725 -0.583333 -1 0.333333 -1 -0.666667 -1 -1 0.648855 -1 -1 -1 -1 -1 
1 0.627918 0.208333 1 1 -0.0188679 -0.579909 -1 -1 -0.480916 -1 -0.354839 0 -0.333333 1 
1 0.73124 -0.75 1 1 -0.509434 -0.671233 -1 -1 -0.0992366 1 -0.483871 0 -1 1 
1 1 0.208333 1 1 0.0566038 -0.342466 -1 1 -0.389313 1 -0.741935 -1 -1 1 
-1 0.0646148 -0.5 1 0.333333 -0.320755 -0.598174 -1 1 0.480916 -1 -0.354839 0 -1 -1 
-1 1 0.166667 1 1 -0.698113 -0.657534 -1 -1 -0.160305 1 -0.516129 0 -1 0.5 
-1 0.971954 -0.458333 1 -1 0.0188679 -0.461187 -1 1 0.633588 -1 -0.741935 -1 0.333333 -1 
-1 0.405205 0.375 1 -0.333333 -0.358491 -0.625571 1 1 0.0534351 -1 -1 -1 -1 -1 
-1 0.869826 0.25 1 -1 0.584906 -0.342466 -1 1 0.129771 -1 0.354839 1 -1 1 
1 0.775155 -0.125 1 1 0.0566038 -0.465753 -1 1 -0.129771 -1 -0.16129 0 -1 1 
-1 0.402923 0.25 1 -0.333333 -0.132075 -0.56621 -1 -1 0.419847 1 -1 -1 -1 -1 
1 1 0.333333 -1 1 -0.320755 -0.0684932 -1 1 0.496183 -1 -1 -1 -1 -1 
1 0.308625 -0.0416667 1 1 -0.415094 -0.607306 -1 -1 0.480916 -1 -0.677419 -1 0.333333 1 
1 0.909845 -0.25 1 1 -0.698113 -0.319635 -1 1 -0.282443 1 -0.677419 0 -0.333333 -1 
-1 0.374743 0.541667 1 1 -0.509434 -0.196347 -1 1 0.221374 -1 -0.870968 0 -1 -1 
1 1 0.208333 1 1 -0.886792 -0.506849 -1 -1 0.29771 -1 -0.967742 -1 -0.333333 1 
-1 0.863981 0.458333 -1 0.333333 -0.132075 -0.146119 -1 -1 -0.0534351 -1 -0.935484 -1 -1 1 
-1 0.120081 -0.375 -1 0.333333 -0.735849 -0.931507 -1 -1 0.587786 -1 -0.806452 0 -1 -1 
1 1 0.583333 1 1 -0.509434 -0.493151 -1 -1 -1 -1 -0.677419 0 -1 -1 
1 0.890681 0.166667 1 1 0.339623 -0.255708 1 1 -0.19084 -1 -0.677419 0 1 1 
1 0.216785 -0.208333 1 1 -0.433962 -0.324201 -1 1 0.450382 -1 -0.83871 0 -1 1 
-1 0.811365 -0.0833333 1 0.333333 -0.886792 -0.561644 -1 -1 0.0992366 1 -0.612903 0 -1 -1 
1 0.360344 0.291667 -1 1 0.0566038 -0.39726 -1 1 0.312977 -1 -0.16129 0 0.333333 1 
1 1 0.25 1 1 -0.132075 -0.767123 -1 -1 0.389313 1 -1 -1 -0.333333 1 
-1 0.127655 -0.333333 -1 -0.333333 -0.660377 -0.844749 -1 -1 0.0229008 -1 -1 0 -1 -1 
1 0.944062 0.0833333 -1 1 0.622642 -0.0821918 -1 0 -0.29771 1 0.0967742 0 -1 -1 
-1 0.405314 -0.5 1 -0.333333 -0.698113 -0.502283 -1 -1 0.251908 -1 -1 -1 -1 -1 
1 1 0.291667 -1 1 0.207547 -0.182648 -1 1 0.374046 -1 -1 -1 -1 -1 
-1 0.43353 0.0416667 -1 0.333333 -0.226415 -0.187215 1 -1 0.51145 -1 -1 -1 -1 -1 
1 0.896383 -0.291667 1 1 -0.509434 -0.438356 -1 1 0.114504 -1 -0.741935 -1 -1 1 
1 0.929288 0.125 -1 1 1 -0.260274 1 1 -0.0534351 1 0.290323 1 0.333333 1 
-1 0.863835 0.541667 -1 -1 0.0566038 -0.543379 -1 -1 -0.343511 -1 -0.16129 1 -1 -1 
1 0.479302 0.125 1 1 -0.320755 -0.283105 1 1 -0.51145 1 -0.483871 1 -1 1 
1 0.245489 -0.166667 1 0.333333 -0.509434 -0.716895 -1 -1 0.0381679 -1 -0.354839 0 1 1 
1 0.401463 0.166667 1 1 0.0943396 -0.324201 -1 -1 -0.740458 1 -0.612903 0 -0.333333 1 
-1 0.925855 0.5 -1 0.333333 0.245283 0.0684932 -1 1 0.221374 -1 -0.741935 -1 -1 -1 
-1 0.882539 0.0416667 1 0.333333 -0.415094 -0.328767 -1 1 0.236641 -1 -0.83871 1 -0.333333 -1 
1 0.457235 0.375 1 1 -0.509434 -0.356164 -1 -1 -0.572519 1 -0.419355 0 0.333333 1 
-1 0.825249 -0.0416667 1 -0.333333 -0.245283 -0.657534 -1 -1 0.328244 -1 -0.741935 -1 -0.333333 -1 
1 0.866361 0.291667 1 1 -0.566038 -0.525114 1 -1 0.358779 1 -0.548387 -1 0.333333 1 
1 1 0.416667 -1 1 -0.735849 -0.347032 -1 -1 0.496183 1 -0.419355 0 0.333333 -1 
1 1 0.541667 1 1 -0.660377 -0.607306 -1 1 -0.0687023 1 -0.967742 -1 -0.333333 -1 
1 0.528364 0.458333 1 1 -0.509434 -0.452055 -1 1 -0.618321 1 -0.290323 1 -0.333333 -1 
-1 1 0.0416667 1 0.333333 0.0566038 -0.515982 -1 1 0.435115 -1 -0.483871 -1 -1 1 
-1 0.787467 -0.291667 -1 0.333333 -0.0943396 -0.767123 -1 1 0.358779 1 -0.548387 1 -1 -1 
1 0.865129 0.125 1 1 -0.415094 -0.438356 1 1 0.114504 1 -0.612903 0 -0.333333 -1 
-1 0.353926 -0.791667 -1 -0.333333 -0.54717 -0.616438 -1 -1 0.847328 -1 -0.774194 -1 -1 -1 
-1 1 0.166667 1 1 -0.283019 -0.630137 -1 -1 0.480916 1 -1 -1 -1 1 
1 0.903151 -0.125 1 0.333333 -0.132075 -0.511416 -1 -1 0.40458 -1 -0.806452 0 -0.333333 1 
-1 0.691462 -0.0833333 1 -1 -0.415094 -0.60274 -1 1 -0.175573 1 -0.548387 -1 -0.333333 -1 
1 1 0.0416667 1 -0.333333 0.849057 -0.283105 -1 1 0.89313 -1 -1 -1 -0.333333 1 
1 1 -0.0416667 1 1 -0.660377 -0.525114 -1 -1 0.358779 -1 -1 -1 -0.333333 -1 
1 0.328166 -0.541667 1 1 -0.698113 -0.812785 -1 1 -0.343511 1 -0.354839 0 -1 1 
1 0.568931 0.208333 1 0.333333 -0.283019 -0.552511 -1 1 0.557252 -1 0.0322581 -1 0.333333 1 
-1 0.265231 -0.5 -1 0.333333 -0.660377 -0.351598 -1 1 0.541985 1 -1 -1 -1 -1 
-1 0.754844 0.458333 -1 1 -0.320755 -0.191781 -1 -1 -0.221374 -1 -0.354839 0 0.333333 -1 
1 0.337198 0.0833333 1 1 -0.132075 -0.584475 -1 -1 -0.389313 1 0.806452 1 -1 1 
-1 1 0.125 1 -1 -0.509434 -0.694064 -1 1 0.389313 -1 -0.387097 0 -1 1 
1 0.884324 0.541667 -1 1 0.584906 -0.534247 1 -1 0.435115 1 -0.677419 0 0.333333 1 
1 1 -0.625 1 -1 -0.509434 -0.520548 -1 -1 0.694656 1 0.225806 0 -1 1 
1 0.744682 0.375 -1 1 0.0566038 -0.461187 -1 -1 0.267176 1 -0.548387 0 -1 -1 
-1 0.00285942 0.0833333 1 -0.333333 -0.320755 -0.378995 -1 -1 0.282443 -1 -1 -1 -1 -1 
-1 1 -0.416667 1 1 -0.698113 -0.611872 -1 -1 0.374046 -1 -1 -1 -1 1 
-1 1.0681 0.458333 -1 1 0.622642 -0.0913242 -1 -1 0.267176 1 -1 -1 -1 -1 
-1 0.691838 -0.125 -1 1 -0.698113 -0.415525 -1 1 0.343511 -1 -1 -1 -1 -1 
-1 0.777978 0 1 0.333333 -0.320755 -0.675799 1 1 0.236641 -1 -0.612903 1 -1 -1 
-1 0.211098 -0.333333 -1 1 -0.169811 -0.497717 -1 1 0.236641 1 -0.935484 0 -1 -1 
1 1.01235 0.5 1 -1 -0.169811 -0.287671 1 1 0.572519 -1 -0.548387 0 -0.333333 -1 
-1 1 0.666667 1 -1 0.245283 -0.506849 1 1 -0.0839695 -1 -0.967742 0 -0.333333 -1 
1 0.104037 0.666667 1 0.333333 -0.132075 -0.415525 -1 1 0.145038 -1 -0.354839 0 1 1 
-1 0.0277007 0.625 -1 0.333333 -0.509434 -0.611872 -1 1 -0.328244 -1 -0.516129 0 -1 -1 
-1 0.57884 -0.791667 1 -1 -0.54717 -0.744292 -1 1 0.572519 -1 -1 -1 -1 -1 
1 1 0.375 -1 1 -0.169811 -0.232877 1 -1 -0.465649 -1 -0.387097 0 1 -1 
1 0.407938 -0.0833333 1 1 -0.132075 -0.214612 -1 -1 -0.221374 1 0.354839 0 1 1 
1 1 -0.291667 1 0.333333 0.0566038 -0.520548 -1 -1 0.160305 -1 0.16129 0 -1 -1 
1 1 0.583333 1 1 -0.415094 -0.415525 1 -1 0.40458 -1 -0.935484 0 0.333333 1 
-1 1 -0.458333 1 0.333333 -0.509434 -0.479452 1 -1 0.877863 -1 -0.741935 1 -1 1 
1 0.768571 0.125 -1 1 -0.245283 0.292237 -1 1 0.206107 1 -0.387097 0 0.333333 1 
1 0.426744 -0.5 1 1 -0.698113 -0.789954 -1 1 0.328244 -1 -1 -1 -1 1 
-1 0.221 -0.458333 -1 1 -0.849057 -0.365297 -1 1 -0.221374 -1 -0.806452 0 -1 -1 
-1 1 0 1 0.333333 -0.320755 -0.452055 1 1 0.557252 -1 -1 -1 1 -1 
-1 0.734072 -0.416667 1 0.333333 -0.320755 -0.136986 -1 -1 0.389313 -1 -0.387097 -1 -0.333333 -1 
-1 1 -0.0416667 1 1 -0.735849 -0.511416 1 -1 0.160305 -1 -0.967742 -1 1 1 
-1 0.467105 0.375 -1 1 -0.132075 0.223744 -1 1 0.312977 -1 -0.612903 0 -1 -1 
1 0.182661 0.708333 1 0.333333 0.245283 -0.347032 -1 -1 -0.374046 1 -0.0645161 0 -0.333333 1 
-1 0.48635 0.0416667 1 1 -0.132075 -0.484018 -1 -1 0.358779 -1 -0.612903 -1 -1 -1 
1 0.752746 0.708333 1 1 -0.0377358 -0.780822 -1 -1 -0.175573 1 -0.16129 1 -1 1 
-1 1 0.0416667 1 -0.333333 -0.735849 -0.164384 -1 -1 0.29771 -1 -1 -1 -1 1 
1 0.80271 -0.75 1 1 -0.396226 -0.287671 -1 1 0.29771 1 -1 -1 -1 1 
-1 0.624319 -0.208333 1 0.333333 -0.433962 -0.410959 1 -1 0.587786 -1 -1 -1 0.333333 -1 
-1 0.639642 0.666667 -1 -1 -0.132075 -0.484018 -1 -1 0.221374 -1 -0.419355 -1 0.333333 -1 
1 0.611066 1 1 1 -0.415094 -0.187215 -1 1 0.389313 1 -1 -1 1 -1 
